259
139
75
122
133
64
21
70
119
72
14
36
107
89
19
25
100
100
35
19
69
28
0
0
62
32
0
0
52
47
0
0
23
61
9
0
4
63
22
0
0
63
33
0
0
53
44
0
0
28
58
0
0
7
59
12
0
0
58
28
0
0
48
42
0
40
115
72
10
36
108
90
17
19
105
107
41
28
107
95
25
26
107
19
0
59
24
0
0
52
35
0
0
43
44
0
0
20
52
0
0
8
63
0
29
107
72
14
34
112
88
20
28
104
94
21
27
96
102
29
17
93
107
1
100
88
20
23
106
99
23
24
98
106
29
19
92
105
32
19
90
108
9
89
0
10
58
12
0
4
60
23
0
0
52
31
0
2
66
1
0
36
0
0
43
52
0
0
14
61
8
0
4
57
21
0
0
61
29
0
0
67
37
0
41
116
80
14
31
111
90
25
29
103
87
20
40
116
89
19
252
203
76
62
65
0
0
71
37
0
0
65
52
0
0
36
72
6
0
7
71
23
0
0
72
0
8
93
116
38
5
68
123
68
1
42
123
95
12
20
111
109
22
11
103
26
0
59
122
71
3
42
132
92
11
20
112
107
20
20
102
114
41
8
68
66
4
95
110
28
6
78
126
59
4
47
130
92
16
76
126
70
4
48
127
0
60
120
59
5
51
129
83
5
36
129
96
12
25
116
104
17
16
104
112
0
114
94
15
24
116
105
22
23
108
117
25
15
103
117
35
14
88
120
19
59
109
26
13
96
116
32
12
89
121
44
7
83
130
53
8
78
124
62
0
73
37
0
0
64
52
0
0
42
60
0
0
19
72
9
0
4
72
24
0
3
84
4
13
104
113
30
11
92
124
60
11
60
125
76
5
39
129
94
13
38
66
0
13
108
87
10
38
124
94
6
27
124
102
10
156
109
175
139
43
28
105
117
40
12
91
3
7
92
109
44
10
86
119
57
5
50
124
80
8
32
118
100
19
20
114
0
7
105
92
14
16
96
113
28
13
94
115
44
9
64
120
72
4
43
117
0
28
115
84
8
28
113
100
21
15
96
113
40
9
69
121
67
9
43
123
4
115
103
20
18
96
109
35
12
96
116
44
10
70
122
65
6
48
123
44
27
117
65
5
48
131
80
9
36
121
93
16
32
116
101
25
19
107
108
7
16
73
20
0
0
68
37
0
0
62
44
0
0
38
63
0
0
10
66
10
0
7
85
10
20
108
108
26
15
99
109
33
11
70
120
62
5
49
120
84
10
46
53
0
43
124
78
8
33
116
92
13
21
109
104
23
15
92
114
41
15
87
3
7
93
107
34
8
89
116
51
4
60
127
38
14
88
119
51
11
62
10
1
85
110
35
12
89
113
222
168
84
68
113
101
44
26
76
26
13
80
79
29
27
76
95
55
22
54
97
65
23
47
100
68
26
36
96
12
43
94
63
19
38
94
80
26
28
87
86
38
25
71
98
59
20
46
100
27
48
92
58
23
47
97
72
28
29
95
87
36
29
66
94
58
21
44
97
72
0
24
36
0
0
39
24
0
0
24
36
0
0
7
44
4
0
0
44
13
0
0
87
36
24
71
92
51
22
60
99
60
21
50
101
68
23
40
93
77
28
63
47
12
43
101
71
22
40
96
77
25
36
94
79
28
32
100
80
31
33
46
12
47
100
59
23
47
100
70
20
41
94
76
27
28
89
87
36
28
74
20
0
0
40
16
0
0
36
25
0
0
15
37
0
0
4
39
4
0
3
35
0
43
84
46
15
39
95
65
21
33
92
73
25
28
84
84
32
23
100
0
36
95
56
16
42
95
67
19
226
140
80
85
108
68
38
48
88
0
19
66
45
24
44
84
60
36
44
84
64
36
41
87
70
36
42
80
68
0
0
31
5
0
0
21
16
0
0
7
24
0
0
0
23
0
0
0
28
5
0
57
64
40
27
59
86
52
24
48
96
67
32
44
88
83
30
26
78
98
51
0
56
24
0
0
40
39
0
0
50
32
0
0
29
45
0
0
8
56
0
0
60
78
13
18
100
108
30
20
92
108
35
14
73
110
54
12
56
120
70
13
76
34
1
56
116
60
10
52
120
72
13
41
116
84
16
33
115
91
20
25
63
0
16
98
98
27
17
100
106
32
16
79
117
61
16
52
121
74
12
43
66
0
60
110
64
8
47
116
76
12
31
112
89
20
26
100
103
29
17
88
33
9
96
100
26
13
92
109
46
12
67
115
71
5
43
115
85
14
39
113
2
41
112
32
19
88
108
44
259
132
71
111
140
80
17
48
119
0
29
111
84
16
27
107
100
28
16
87
116
46
12
80
112
47
13
58
116
0
71
105
43
16
67
113
65
10
45
115
83
12
28
106
100
28
19
88
108
0
96
93
25
15
81
106
52
12
52
120
80
12
32
111
90
21
20
91
104
45
44
40
0
13
116
77
12
41
111
85
16
24
112
93
20
25
104
99
28
17
80
17
27
105
96
24
28
100
104
35
19
92
108
46
14
72
114
60
12
67
13
10
84
107
47
14
73
119
58
11
64
117
66
12
55
122
76
11
64
43
0
55
109
60
12
60
116
72
10
41
116
86
15
32
111
93
24
20
104
34
0
0
55
30
0
0
52
35
0
0
34
53
0
0
12
60
11
0
2
57
11
12
98
92
20
22
103
99
28
23
96
103
36
16
115
100
23
21
104
83
0
98
93
19
21
99
101
26
18
98